
39445
39453
39452
39451
39450
39454
39460
39459
39462
39463
39464
39444
39449
39448
39447
39446
39455
39457
39458
39461
39465
39467
39468
39469
39472
39471
39470
39473
39474
39477
39476
39475
39478
39479
39480
39483
39491
39490
39489
39488
39487
39486
39485
39484
39495
39494
39493
39492
39500
39499
39498
39497
39496
39501
39502
39503
39504
39505
39506
39507
39509
39508
39510
39511
39513
39512
39514
39516
39515
39517
39519
39518
39520
39521
39524
39523
39522
39525
39526
39527
39528
39529
39530
39533
39532
39537
39536
39535
39534
39539
39538
39540
39541
39542
39543
39544
39545
39546
39547
39549
39550
39551
39553
39555
39556
39561
39560
39559
39558
39557
39564
39563
39562
39565
39566
39568
39567
39569
39570
39573
39572
